6019 3609
6019 3609
10331 3697
8209 5489
8209 5489
8209 5489
8209 5489
8209 5489
8209 5489
6805 inf
6805 inf
15695 5071
6805 inf
9977 5113
9977 5113
6805 inf
6805 inf
9849 5182
9849 5182
6805 inf
14137 5348
14137 5348
6805 inf
6805 inf
10161 5386
6805 inf
6805 inf
14995 5472
5921 inf
5921 inf
5921 inf
inf 5523
5921 inf
5921 inf
5921 inf
5921 inf
5921 inf
5921 inf
13133 5799
13133 5799
13133 5799
5921 inf
20163 5814
20163 5814
5921 inf
20163 5814
5921 inf
5921 inf
5921 inf
inf 5701
inf 5701
5921 inf
5921 inf
5921 inf
inf 6061
5921 inf
inf 5835
5921 inf
5921 inf
18327 6099
5921 inf
5921 inf
5921 inf
inf 5625
5921 inf
5921 inf
inf 6155
inf 6155
5921 inf
5921 inf
5921 inf
5921 inf
5921 inf
inf 6322
10483 6144
5921 inf
5921 inf
5921 inf
5921 inf
5921 inf
5921 inf
5921 inf
13549 6554
5921 inf
15523 6565
5921 inf
5921 inf
5921 inf
5921 inf
5921 inf
5921 inf
17519 6851
5921 inf
5921 inf
5921 inf
5921 inf
5921 inf
15939 7196
5921 inf
5921 inf
5921 inf
inf 7617
5921 inf
29091 7720
5921 inf
5921 inf
5921 inf
5921 inf
5921 inf
5921 inf
5921 inf
23089 13669
6599 inf
6805 inf
7927 inf
8277 inf
8647 inf
9939 inf
9939 inf
10103 inf
10495 inf
11091 inf
11427 inf
11683 inf
11683 inf
11787 inf
11787 inf
11983 inf
12405 inf
12585 inf
12803 inf
12803 inf
13113 inf
13179 inf
13179 inf
13767 inf
13905 inf
14183 inf
14183 inf
14183 inf
14183 inf
14183 inf
14183 inf
14183 inf
14691 inf
14691 inf
14691 inf
14691 inf
14375 inf
14375 inf
14375 inf
12161 inf
12161 inf
14583 inf
15399 inf
15521 inf
15521 inf
15521 inf
15521 inf
15991 inf
16189 inf
16189 inf
16189 inf
16189 inf
16189 inf
16189 inf
16189 inf
16189 inf
16189 inf
16189 inf
16555 inf
16555 inf
15123 inf
15123 inf
15123 inf
16655 inf
16043 inf
16043 inf
16341 inf
16341 inf
14509 inf
14509 inf
16947 inf
16947 inf
16947 inf
8353 inf
17325 inf
10275 inf
15969 inf
14549 inf
14549 inf
14549 inf
14267 inf
12833 inf
12833 inf
12833 inf
16071 inf
14431 inf
14431 inf
10175 inf
16601 inf
16601 inf
16601 inf
16601 inf
16601 inf
17049 inf
17049 inf
17049 inf
18211 inf
18203 inf
18203 inf
18203 inf
15281 inf
17071 inf
10937 inf
18373 inf
18373 inf
18211 inf
17525 inf
17525 inf
11723 inf
11971 inf
11971 inf
11971 inf
11971 inf
13381 inf
15135 inf
15135 inf
15135 inf
15135 inf
15135 inf
14465 inf
16023 inf
16023 inf
16023 inf
14767 inf
14767 inf
14767 inf
14767 inf
14767 inf
14767 inf
14767 inf
19481 inf
19481 inf
18651 inf
18651 inf
14431 inf
14431 inf
14431 inf
14431 inf
13013 inf
16145 inf
12865 inf
16203 inf
16203 inf
12385 inf
12981 inf
19763 inf
19083 inf
19083 inf
15209 inf
15209 inf
15159 inf
15159 inf
15159 inf
15735 inf
15735 inf
18253 inf
12043 inf
11059 inf
19879 inf
19879 inf
19879 inf
19879 inf
19879 inf
12395 inf
14191 inf
16793 inf
12943 inf
17303 inf
17303 inf
13009 inf
14431 inf
16241 inf
16241 inf
14729 inf
14729 inf
14729 inf
15829 inf
15829 inf
15829 inf
11695 inf
16219 inf
16219 inf
12609 inf
12609 inf
14079 inf
16471 inf
16471 inf
12345 inf
14785 inf
17467 inf
11755 inf
18425 inf
17815 inf
10259 inf
13283 inf
15533 inf
10789 inf
19125 inf
19125 inf
14657 inf
14657 inf
14657 inf
13415 inf
13415 inf
13415 inf
17193 inf
11771 inf
18129 inf
17139 inf
17139 inf
17139 inf
17139 inf
14815 inf
14815 inf
11859 inf
12293 inf
14529 inf
14529 inf
14529 inf
15551 inf
15551 inf
15551 inf
14331 inf
14331 inf
15341 inf
15945 inf
15945 inf
18889 inf
18889 inf
16913 inf
16315 inf
12269 inf
14199 inf
11883 inf
11145 inf
11207 inf
17679 inf
17679 inf
17679 inf
17679 inf
17679 inf
20623 inf
12663 inf
10411 inf
11237 inf
16509 inf
16509 inf
14129 inf
14129 inf
14129 inf
14129 inf
14129 inf
17543 inf
17543 inf
16269 inf
12865 inf
14471 inf
14047 inf
17349 inf
15617 inf
16913 inf
16913 inf
16913 inf
16913 inf
16913 inf
16913 inf
14953 inf
14953 inf
18311 inf
14273 inf
14273 inf
14273 inf
14273 inf
14557 inf
14557 inf
14557 inf
14557 inf
14557 inf
13869 inf
13869 inf
13869 inf
13869 inf
17317 inf
17317 inf
12595 inf
12595 inf
12985 inf
12985 inf
10831 inf
10831 inf
12721 inf
12721 inf
19139 inf
20681 inf
14727 inf
14727 inf
14727 inf
14727 inf
14727 inf
14953 inf
14953 inf
15605 inf
15605 inf
16457 inf
16457 inf
14399 inf
18431 inf
18431 inf
16491 inf
16491 inf
16491 inf
16491 inf
17229 inf
17693 inf
17321 inf
15479 inf
15479 inf
15479 inf
16741 inf
17971 inf
17971 inf
17971 inf
10875 inf
17147 inf
18839 inf
14825 inf
10935 inf
13487 inf
15811 inf
15811 inf
13731 inf
13731 inf
13731 inf
13731 inf
13731 inf
14817 inf
14817 inf
10485 inf
11955 inf
15453 inf
12851 inf
17183 inf
10535 inf
15655 inf
15655 inf
15599 inf
15599 inf
17767 inf
17527 inf
17039 inf
14431 inf
10081 inf
15751 inf
12979 inf
12979 inf
12269 inf
20743 inf
18991 inf
21191 inf
21191 inf
14045 inf
14045 inf
14045 inf
22991 inf
15703 inf
15703 inf
14549 inf
14549 inf
14549 inf
14987 inf
17411 inf
17847 inf
17847 inf
16349 inf
21699 inf
21699 inf
12565 inf
12565 inf
12217 inf
12217 inf
14909 inf
11523 inf
11523 inf
11523 inf
11523 inf
12751 inf
12751 inf
15751 inf
