6549 3824
9059 4145
7309 4716
7309 4716
13375 4610
13375 4610
10383 4694
8183 4874
7309 inf
15621 4840
15621 4840
7309 inf
7309 inf
7309 inf
7309 inf
7309 inf
7309 inf
19671 4813
19671 4813
19671 4813
7309 inf
7309 inf
15109 5287
15109 5287
7309 inf
7309 inf
inf 5053
7309 inf
7309 inf
7309 inf
14205 5472
14205 5472
7309 inf
7309 inf
7309 inf
7309 inf
7309 inf
7309 inf
7309 inf
7309 inf
inf 5828
7309 inf
7309 inf
inf 5895
7309 inf
7309 inf
11451 5904
7309 inf
7309 inf
7309 inf
inf 5772
7309 inf
7309 inf
7309 inf
7309 inf
7309 inf
7309 inf
7309 inf
7309 inf
19669 5283
19669 5283
7309 inf
16073 6246
7309 inf
7309 inf
7309 inf
inf 6387
inf 6387
inf 6387
7309 inf
inf 4926
inf 4926
inf 4926
7309 inf
inf 6113
7309 inf
7309 inf
7309 inf
inf 6666
7309 inf
7309 inf
7309 inf
7309 inf
7309 inf
7309 inf
7073 inf
7073 inf
7073 inf
7073 inf
7073 inf
29407 6967
7073 inf
7073 inf
7073 inf
inf 6014
7073 inf
7073 inf
inf 5042
7073 inf
inf 6160
7073 inf
30503 6816
7073 inf
7073 inf
12481 7327
7073 inf
inf 7356
7073 inf
7073 inf
7073 inf
7073 inf
27675 7531
7073 inf
7073 inf
7073 inf
7073 inf
7073 inf
29387 8148
7073 inf
20443 8521
7073 inf
7073 inf
7073 inf
7073 inf
7591 inf
8127 inf
8689 inf
8953 inf
9585 inf
9585 inf
9607 inf
9763 inf
9963 inf
10079 inf
10205 inf
10783 inf
11859 inf
11955 inf
12103 inf
12103 inf
10867 inf
10867 inf
12363 inf
12599 inf
12643 inf
12643 inf
12643 inf
12643 inf
12643 inf
12643 inf
12643 inf
13503 inf
13603 inf
13517 inf
13219 inf
13219 inf
13219 inf
13871 inf
13871 inf
13871 inf
14385 inf
14385 inf
14801 inf
14801 inf
15411 inf
15561 inf
15737 inf
15859 inf
15929 inf
15929 inf
15929 inf
16221 inf
14987 inf
14987 inf
14987 inf
14987 inf
13327 inf
13327 inf
13327 inf
13327 inf
13327 inf
17039 inf
17039 inf
15103 inf
12623 inf
12623 inf
12623 inf
13717 inf
13717 inf
13717 inf
17619 inf
17619 inf
13563 inf
12875 inf
11931 inf
13341 inf
17969 inf
17969 inf
17969 inf
17969 inf
11747 inf
11747 inf
18367 inf
17469 inf
18473 inf
18473 inf
15727 inf
15727 inf
15727 inf
10377 inf
12729 inf
16281 inf
16281 inf
17403 inf
12775 inf
15971 inf
15971 inf
15971 inf
14233 inf
14707 inf
14707 inf
13817 inf
13817 inf
16483 inf
14949 inf
14949 inf
14949 inf
14949 inf
13321 inf
13321 inf
13321 inf
12721 inf
12721 inf
15171 inf
15171 inf
15171 inf
15171 inf
15171 inf
15171 inf
15171 inf
14211 inf
19579 inf
19579 inf
19579 inf
19579 inf
19807 inf
19807 inf
12749 inf
12749 inf
12749 inf
12749 inf
16377 inf
18185 inf
14487 inf
15395 inf
15395 inf
15395 inf
10427 inf
10427 inf
17903 inf
17903 inf
17903 inf
17903 inf
17903 inf
17903 inf
17903 inf
17903 inf
17903 inf
15039 inf
17537 inf
17537 inf
13603 inf
19819 inf
16979 inf
16979 inf
16979 inf
14383 inf
17205 inf
17205 inf
17205 inf
17205 inf
13667 inf
13667 inf
16403 inf
16403 inf
21291 inf
21291 inf
21291 inf
17225 inf
21531 inf
16011 inf
13239 inf
13239 inf
18739 inf
10799 inf
12487 inf
12487 inf
12487 inf
12487 inf
14347 inf
14425 inf
14425 inf
12339 inf
12339 inf
12833 inf
21145 inf
21145 inf
11243 inf
12157 inf
21157 inf
15797 inf
18509 inf
15119 inf
15119 inf
14219 inf
14219 inf
16599 inf
16599 inf
20375 inf
8147 inf
11173 inf
11173 inf
11173 inf
11699 inf
15315 inf
15315 inf
16333 inf
16333 inf
11347 inf
10891 inf
12677 inf
22237 inf
22237 inf
12839 inf
16579 inf
16579 inf
16579 inf
15687 inf
11809 inf
15751 inf
13667 inf
11251 inf
11251 inf
21975 inf
19059 inf
17455 inf
19095 inf
16049 inf
16049 inf
16199 inf
16199 inf
16199 inf
15609 inf
13291 inf
13735 inf
13735 inf
17951 inf
17951 inf
17951 inf
17947 inf
17947 inf
17947 inf
17947 inf
17875 inf
15275 inf
19957 inf
19957 inf
22355 inf
17681 inf
15787 inf
15241 inf
18687 inf
15289 inf
15289 inf
14779 inf
14779 inf
17163 inf
17163 inf
16467 inf
16467 inf
16467 inf
16467 inf
15199 inf
17847 inf
12619 inf
12619 inf
12619 inf
23375 inf
14889 inf
14889 inf
14889 inf
16133 inf
14909 inf
14909 inf
11311 inf
14039 inf
14039 inf
14039 inf
13275 inf
15657 inf
15657 inf
16127 inf
19299 inf
19299 inf
19299 inf
10601 inf
10933 inf
13483 inf
13483 inf
12789 inf
13217 inf
14099 inf
15373 inf
15373 inf
17439 inf
19887 inf
19887 inf
17077 inf
17077 inf
17077 inf
22285 inf
9381 inf
13893 inf
19377 inf
14695 inf
14695 inf
7107 inf
13363 inf
13363 inf
13363 inf
23507 inf
16661 inf
16661 inf
17285 inf
18265 inf
18265 inf
17331 inf
13151 inf
13151 inf
8127 inf
17279 inf
20409 inf
16725 inf
16725 inf
15789 inf
15789 inf
12979 inf
16091 inf
16091 inf
21157 inf
9647 inf
14551 inf
10971 inf
10971 inf
17261 inf
21029 inf
14995 inf
14995 inf
14995 inf
13167 inf
14793 inf
15257 inf
19553 inf
16335 inf
15267 inf
15267 inf
15267 inf
15267 inf
21315 inf
14013 inf
14013 inf
14013 inf
14013 inf
14829 inf
14829 inf
13935 inf
13935 inf
13935 inf
13935 inf
13935 inf
18331 inf
14205 inf
15111 inf
10617 inf
10617 inf
10617 inf
10617 inf
14829 inf
22777 inf
21547 inf
18593 inf
18087 inf
18087 inf
17327 inf
17327 inf
17327 inf
19543 inf
14257 inf
13311 inf
13311 inf
