22561 5478
22561 5478
10157 7217
10157 7217
10157 7217
10157 7217
10157 7217
13691 7124
13691 7124
17047 7189
11089 inf
11089 inf
11089 inf
11089 inf
11089 inf
20987 7553
20987 7553
20987 7553
11089 inf
11089 inf
15177 7646
11089 inf
13693 7698
11089 inf
30813 7749
11089 inf
11089 inf
11089 inf
11089 inf
11089 inf
19129 7896
11089 inf
11089 inf
inf 8017
11089 inf
11089 inf
11089 inf
11089 inf
34599 7981
11089 inf
11089 inf
11089 inf
17401 8335
11089 inf
11089 inf
11089 inf
inf 8642
11089 inf
11089 inf
11089 inf
28799 6635
28799 6635
28799 6635
11089 inf
11089 inf
11089 inf
13377 8735
13377 8735
11089 inf
11089 inf
11089 inf
11089 inf
11089 inf
17791 8947
11089 inf
11089 inf
19707 8992
11089 inf
11089 inf
11089 inf
18439 9067
11089 inf
11089 inf
11089 inf
11089 inf
11089 inf
11089 inf
11089 inf
11089 inf
11089 inf
11089 inf
29021 9260
29021 9260
11089 inf
11089 inf
11089 inf
11089 inf
26735 8771
26735 8771
11089 inf
25685 9312
11089 inf
inf 9394
inf 9394
11089 inf
11089 inf
11089 inf
inf 9513
11089 inf
11089 inf
inf 9650
inf 9650
11089 inf
11089 inf
inf 9977
11089 inf
11089 inf
11089 inf
11089 inf
11089 inf
11089 inf
11089 inf
11089 inf
11089 inf
11089 inf
11089 inf
11089 inf
11089 inf
11089 inf
11089 inf
11089 inf
12555 inf
13371 inf
13693 inf
13693 inf
14303 inf
14663 inf
14663 inf
14759 inf
14815 inf
15049 inf
15049 inf
15049 inf
15049 inf
15685 inf
15685 inf
15685 inf
16229 inf
16911 inf
17329 inf
17371 inf
17453 inf
17599 inf
17649 inf
18113 inf
18113 inf
18113 inf
18583 inf
18755 inf
15391 inf
18939 inf
18349 inf
19119 inf
19433 inf
19433 inf
19433 inf
19433 inf
19433 inf
19677 inf
19677 inf
15061 inf
16577 inf
16577 inf
17799 inf
17799 inf
20713 inf
15955 inf
17877 inf
20873 inf
20873 inf
20873 inf
21667 inf
21667 inf
21667 inf
21667 inf
21667 inf
21725 inf
22561 inf
22699 inf
22699 inf
22699 inf
22699 inf
22699 inf
23471 inf
14689 inf
15211 inf
22451 inf
22451 inf
22451 inf
20397 inf
20397 inf
20397 inf
20397 inf
20397 inf
20397 inf
24319 inf
24319 inf
24319 inf
24319 inf
24821 inf
24821 inf
14089 inf
14089 inf
20647 inf
20647 inf
20647 inf
20647 inf
18885 inf
18885 inf
18885 inf
18929 inf
18929 inf
25405 inf
22961 inf
22961 inf
22961 inf
18675 inf
18675 inf
19329 inf
19061 inf
19061 inf
25165 inf
25165 inf
25165 inf
25545 inf
25545 inf
22791 inf
22791 inf
22791 inf
22791 inf
22791 inf
22791 inf
22791 inf
22791 inf
18271 inf
18271 inf
18271 inf
19313 inf
27991 inf
27991 inf
27991 inf
27991 inf
21525 inf
28097 inf
28559 inf
28559 inf
24019 inf
24019 inf
19555 inf
29151 inf
29595 inf
25159 inf
28159 inf
28159 inf
23893 inf
23893 inf
20421 inf
20421 inf
20421 inf
20501 inf
23589 inf
29923 inf
29895 inf
21545 inf
21545 inf
27293 inf
27293 inf
30893 inf
17035 inf
18081 inf
18081 inf
18081 inf
21937 inf
24029 inf
24029 inf
27807 inf
28131 inf
28131 inf
26513 inf
22931 inf
22931 inf
31201 inf
31201 inf
31201 inf
29383 inf
24305 inf
21095 inf
22067 inf
22067 inf
22067 inf
22015 inf
22015 inf
29673 inf
21525 inf
21525 inf
21525 inf
21525 inf
21525 inf
26687 inf
26687 inf
25355 inf
27659 inf
27659 inf
27659 inf
26573 inf
26573 inf
32117 inf
22605 inf
22605 inf
22605 inf
22605 inf
22605 inf
31887 inf
32431 inf
32431 inf
32431 inf
24935 inf
20327 inf
20327 inf
20157 inf
20157 inf
33109 inf
25549 inf
29999 inf
29605 inf
27941 inf
21429 inf
23497 inf
21281 inf
24819 inf
23429 inf
16763 inf
18137 inf
20043 inf
20043 inf
31285 inf
31285 inf
26323 inf
26323 inf
18719 inf
33675 inf
18159 inf
33849 inf
26601 inf
16293 inf
21097 inf
26769 inf
26769 inf
15313 inf
24079 inf
19657 inf
33385 inf
34651 inf
30569 inf
27641 inf
27641 inf
23551 inf
21853 inf
21853 inf
21853 inf
21853 inf
21853 inf
21853 inf
21853 inf
21853 inf
18587 inf
23147 inf
23147 inf
23147 inf
19573 inf
19573 inf
24385 inf
27319 inf
34835 inf
34835 inf
34835 inf
18063 inf
18063 inf
26831 inf
26831 inf
27495 inf
26443 inf
14891 inf
19817 inf
19817 inf
28205 inf
29717 inf
29717 inf
29717 inf
20749 inf
20749 inf
17083 inf
17083 inf
26183 inf
26137 inf
20695 inf
23157 inf
20131 inf
17413 inf
17413 inf
20649 inf
20649 inf
20649 inf
20649 inf
21321 inf
28353 inf
28353 inf
16745 inf
20657 inf
21125 inf
21125 inf
30559 inf
30559 inf
35057 inf
35057 inf
35057 inf
35057 inf
20049 inf
30559 inf
33037 inf
33037 inf
22471 inf
22471 inf
22471 inf
21243 inf
25031 inf
36443 inf
20003 inf
20003 inf
20003 inf
20003 inf
20003 inf
11937 inf
17279 inf
20441 inf
23839 inf
23839 inf
23839 inf
23839 inf
23839 inf
23839 inf
25023 inf
28607 inf
19145 inf
19145 inf
19145 inf
28517 inf
25515 inf
25515 inf
25515 inf
25515 inf
19999 inf
26207 inf
28103 inf
34761 inf
18371 inf
19347 inf
19347 inf
21965 inf
18485 inf
37343 inf
20391 inf
20391 inf
20391 inf
20391 inf
21747 inf
18931 inf
18931 inf
22897 inf
27069 inf
21439 inf
26655 inf
22461 inf
22015 inf
21299 inf
21987 inf
21987 inf
21987 inf
21987 inf
20943 inf
19661 inf
19661 inf
19661 inf
28585 inf
25363 inf
25363 inf
18485 inf
18485 inf
20753 inf
19251 inf
21387 inf
21387 inf
21387 inf
21387 inf
24335 inf
24335 inf
24335 inf
24335 inf
20943 inf
20943 inf
