6949 4555
6949 4555
6949 4555
14921 4631
7453 4933
7453 4933
11665 4873
10793 4886
8085 5895
19415 4987
8085 5895
8085 5895
10411 5036
10411 5036
20463 4369
8085 5895
8085 5895
8085 5895
8085 5895
8085 5895
8085 5895
21575 4975
8085 5895
14651 5257
6249 7314
inf 5422
inf 5422
6249 7314
6249 7314
9825 5313
6249 7314
6249 7314
6249 7314
6249 7314
6249 7314
21975 5313
21975 5313
6249 7314
6249 7314
6249 7314
6249 7314
11729 5794
11729 5794
6249 7314
6249 7314
6249 7314
6249 7314
6249 7314
6249 7314
inf 5695
6249 7314
6249 7314
13765 6094
6249 7314
13765 6094
6249 7314
6249 7314
6249 7314
17423 6211
17423 6211
19743 5683
3939 inf
3939 inf
3939 inf
3939 inf
3939 inf
3939 inf
3939 inf
3939 inf
3939 inf
3939 inf
3939 inf
3939 inf
inf 6760
inf 6760
inf 6760
3939 inf
3939 inf
19887 6854
3939 inf
19887 6854
3939 inf
inf 6639
3939 inf
inf 6639
inf 6639
inf 6639
inf 6639
inf 6639
3939 inf
inf 6009
3939 inf
inf 6009
inf 6593
3939 inf
3939 inf
3939 inf
inf 6994
3939 inf
3939 inf
3939 inf
3939 inf
inf 6356
3939 inf
inf 6356
3939 inf
3939 inf
3939 inf
3939 inf
3939 inf
3939 inf
24703 7624
21575 7562
21575 7562
3939 inf
3939 inf
3939 inf
3939 inf
3939 inf
3939 inf
3939 inf
3939 inf
3939 inf
3939 inf
7309 inf
7917 inf
9151 inf
9435 inf
9711 inf
9937 inf
9937 inf
9895 inf
10751 inf
10885 inf
10885 inf
10885 inf
11049 inf
11049 inf
11199 inf
11199 inf
11475 inf
11475 inf
11475 inf
12051 inf
12051 inf
12495 inf
12495 inf
11699 inf
11699 inf
13035 inf
13035 inf
13035 inf
13035 inf
13345 inf
13665 inf
13755 inf
13355 inf
13927 inf
14047 inf
14047 inf
11305 inf
11305 inf
14583 inf
14583 inf
14583 inf
14583 inf
14987 inf
14987 inf
14987 inf
15523 inf
15353 inf
15353 inf
15647 inf
15647 inf
16149 inf
16149 inf
16149 inf
14487 inf
12487 inf
12487 inf
12487 inf
16441 inf
16719 inf
12877 inf
11427 inf
11427 inf
11427 inf
15933 inf
14369 inf
14369 inf
12367 inf
16113 inf
16113 inf
16113 inf
16113 inf
16113 inf
16519 inf
16519 inf
16519 inf
16519 inf
16519 inf
16519 inf
16519 inf
17971 inf
18089 inf
18089 inf
18089 inf
18089 inf
16977 inf
18453 inf
18255 inf
18255 inf
18255 inf
15573 inf
15957 inf
16269 inf
16269 inf
16269 inf
14503 inf
14503 inf
14503 inf
14503 inf
12729 inf
12729 inf
12729 inf
14035 inf
14035 inf
15845 inf
15845 inf
14213 inf
15085 inf
15085 inf
15085 inf
15085 inf
15085 inf
15085 inf
15743 inf
15743 inf
15743 inf
15743 inf
15743 inf
19643 inf
14431 inf
15945 inf
15945 inf
15945 inf
20061 inf
20061 inf
20131 inf
20131 inf
12033 inf
12951 inf
12951 inf
16043 inf
16043 inf
15701 inf
17783 inf
14695 inf
14695 inf
14695 inf
20657 inf
13443 inf
13443 inf
16523 inf
16523 inf
17575 inf
16659 inf
16659 inf
16659 inf
16659 inf
13625 inf
12225 inf
18969 inf
18969 inf
18969 inf
18969 inf
18969 inf
18969 inf
18515 inf
18515 inf
18515 inf
18515 inf
14243 inf
14243 inf
13363 inf
21605 inf
15655 inf
15655 inf
15655 inf
15655 inf
15655 inf
17383 inf
17383 inf
17383 inf
17383 inf
17383 inf
21731 inf
17625 inf
19255 inf
13715 inf
13715 inf
12439 inf
12439 inf
9675 inf
10377 inf
20763 inf
20763 inf
20763 inf
20763 inf
11989 inf
12677 inf
14205 inf
14423 inf
14423 inf
14423 inf
14423 inf
15807 inf
15807 inf
19767 inf
15829 inf
10461 inf
17179 inf
17179 inf
17179 inf
9507 inf
12821 inf
12821 inf
15279 inf
15279 inf
16489 inf
16489 inf
10327 inf
10327 inf
11633 inf
11633 inf
15953 inf
15119 inf
15119 inf
22261 inf
19823 inf
19823 inf
19823 inf
19823 inf
14397 inf
10813 inf
17293 inf
20943 inf
16113 inf
17667 inf
17667 inf
12377 inf
16571 inf
16571 inf
15631 inf
21533 inf
21533 inf
19787 inf
16125 inf
15439 inf
15439 inf
12419 inf
12811 inf
12811 inf
16295 inf
16295 inf
16013 inf
16013 inf
16013 inf
16013 inf
15669 inf
15669 inf
14047 inf
14047 inf
14047 inf
14047 inf
21357 inf
11233 inf
14917 inf
15013 inf
15013 inf
15013 inf
15013 inf
14385 inf
16315 inf
16315 inf
19997 inf
23099 inf
22177 inf
19183 inf
9999 inf
13293 inf
13293 inf
19129 inf
14351 inf
14351 inf
13673 inf
13673 inf
13725 inf
13725 inf
16373 inf
16373 inf
23335 inf
22545 inf
17109 inf
16219 inf
16219 inf
16219 inf
9649 inf
9649 inf
10699 inf
15895 inf
9453 inf
15603 inf
15603 inf
15603 inf
15603 inf
15603 inf
20593 inf
20593 inf
20715 inf
8329 inf
8329 inf
8329 inf
15373 inf
20945 inf
18977 inf
18977 inf
12943 inf
15073 inf
15073 inf
15073 inf
13397 inf
21469 inf
14377 inf
13699 inf
17901 inf
13133 inf
13133 inf
13133 inf
13133 inf
13133 inf
13133 inf
14357 inf
16695 inf
16695 inf
13231 inf
13231 inf
13231 inf
13231 inf
13863 inf
13863 inf
14263 inf
19777 inf
19777 inf
19777 inf
12027 inf
11871 inf
11871 inf
15309 inf
15309 inf
15309 inf
15309 inf
16029 inf
17963 inf
16253 inf
16253 inf
16253 inf
12907 inf
13285 inf
23871 inf
14913 inf
14913 inf
14913 inf
17667 inf
23835 inf
17479 inf
16409 inf
16409 inf
16409 inf
19565 inf
19565 inf
19565 inf
14259 inf
14259 inf
14259 inf
14259 inf
14259 inf
14259 inf
14259 inf
14259 inf
14259 inf
14259 inf
16011 inf
12807 inf
12807 inf
14723 inf
14723 inf
24345 inf
24375 inf
23157 inf
